<!doctype html>

<html>
<script src="optimization.js" type="text/javascript">
// Optimization function call source code
// Figure out the best of the four options for this to use, time it!

</script>


<script src="http://numericjs.com/numeric/lib/numeric-1.2.6.js" ></script>

<script>

// Hey!!! Javascript uses 0 start indexing, not 1 start!!! Don't mess it up!!!


var dis = [[0,2.4996,2.4407,9.4893,2.7597,10.0884,9.7336,9.9376,3.4728,10.0947,9.3921,9.6734,10.0874,2.5843,10.2327,2.0053,9.7374,9.5065,9.582,9.5349,2.3202,8.2285,6.2938,2.8209,10.259,10.1886,9.2684,2.7452,2.4414,10.6038,10.5349,10.0672,10.1483,10.643,10.4597,2.7863,9.9461,10.0374,1.2413,2.4852,3.3253,3.1531,10.1451,10.35,10.5376,2.7698,1.8103,11.6772,11.8841,1.5071,9.5666,2.2209],[2.4996,0,4.5681,8.1396,4.3807,9.3699,8.469,8.6604,5.1397,9.4279,8.3598,8.4413,8.7648,3.5184,9.7193,4.0446,8.4987,8.2149,8.3045,8.1677,2.6362,6.7885,4.6168,3.5894,9.5913,9.117,8.2338,2.3331,3.5714,9.1691,9.6025,9.1956,9.1717,9.2028,9.0672,4.2952,9.0851,9.1394,3.1504,4.0956,4.8928,4.4168,8.9464,9.364,9.8641,1.2498,1.4272,10.6007,10.7632,3.0663,8.5715,3.3617],[2.4407,4.5681,0,10.2019,3.1884,10.2521,10.315,10.5277,3.628,10.208,9.8118,10.2814,10.6966,4.0376,10.1825,2.4164,10.1225,9.9574,10.0402,10.0547,4.0913,8.8653,7.3247,4.3271,10.236,10.3868,9.5658,4.8835,3.5377,11.373,10.8904,10.0745,10.5531,11.4178,11.2273,3.3191,10.1425,10.0996,1.6539,3.1649,3.3909,3.1401,10.6129,10.4886,10.6133,4.6186,3.5823,12.0616,12.2874,2.2538,9.9718,3.6147],[9.4893,8.1396,10.2019,0,9.5661,3.0664,0.9604,0.9028,10.0719,3.3856,1.6019,2.0902,2.2366,9.5537,4.0859,10.0668,2.7223,2.6628,2.2275,2.6401,10.4562,3.2608,4.3074,9.715,3.4646,3.0522,2.1792,9.1322,9.0281,1.3917,2.5666,3.6367,2.4718,1.4642,1.3346,9.239,2.5254,3.5816,9.7794,9.6418,9.7361,8.5878,1.5686,3.2475,3.5384,8.0225,8.0985,2.8191,2.8882,8.9183,2.1306,9.5181],[2.7597,4.3807,3.1884,9.5661,0,9.5968,9.7302,9.9198,0.8807,9.4885,9.1768,9.4113,9.9798,1.9381,9.547,1.5125,10.3188,10.1408,10.0903,10.2152,4.5796,9.0802,7.4564,2.1729,9.9712,10.5165,9.4644,3.4366,1.3343,10.6911,10.1383,10.3849,9.8437,10.6934,10.4467,0.7838,9.705,10.3719,3.0881,0.8201,1.0317,1.6062,10.2693,10.6425,10.0532,4.8102,3.6799,11.3929,11.6361,2.2087,9.4099,1.7243],[10.0884,9.3699,10.2521,3.0664,9.5968,0,2.5638,2.6807,9.9151,0.9785,1.7991,3.1096,3.6919,10.0011,1.1968,10.2128,3.9956,4.1232,3.7287,4.3515,11.4649,5.2838,6.2251,10.2137,1.374,3.4658,2.5899,10.1908,9.3139,3.4956,1.1495,3.3597,1.3255,3.4925,3.2007,9.2387,1.191,3.286,10.2411,9.7919,9.5695,8.3948,2.5706,3.0987,0.7455,9.379,9.0988,2.2894,2.5949,9.1636,1.5889,9.9905],[9.7336,8.469,10.315,0.9604,9.7302,2.5638,0,0.4672,10.192,2.8683,1.1406,2.1526,2.3236,9.7913,3.5002,10.2069,2.7103,2.7024,2.2376,2.741,10.745,3.4515,4.704,9.9463,2.8314,2.7132,1.768,9.4783,9.2444,1.5544,2.005,3.2394,1.9876,1.5444,1.3588,9.3901,1.8841,3.2249,9.9806,9.8206,9.8576,8.6518,1.1164,2.8337,2.9165,8.4,8.4087,2.3171,2.4621,9.0731,1.8433,9.7444],[9.9376,8.6604,10.5277,0.9028,9.9198,2.6807,0.4672,0,10.3795,2.9551,1.292,2.003,2.066,9.9522,3.639,10.4099,2.8041,2.8028,2.3104,2.8208,10.9171,3.5279,4.8381,10.1129,2.9764,2.7718,1.9687,9.6378,9.4307,1.2671,2.0333,3.3934,2.1608,1.263,1.1367,9.5749,2.0231,3.396,10.1848,10.0176,10.0569,8.8745,1.1531,2.9845,3.0286,8.5495,8.594,2.1745,2.2753,9.284,2.0228,9.9145],[3.4728,5.1397,3.628,10.0719,0.8807,9.9151,10.192,10.3795,0,9.7626,9.5979,9.8059,10.4004,2.3735,9.7897,1.8297,10.8878,10.717,10.6464,10.8046,5.1721,9.7211,8.1596,2.5223,10.3139,11.0261,9.9462,4.05,1.9214,11.1626,10.4727,10.8673,10.1993,11.1526,10.8936,1.1285,10.0777,10.8523,3.7411,1.3045,0.9982,1.9179,10.7398,11.1198,10.3433,5.5812,4.4992,11.757,12.0092,2.824,9.8125,2.2151],[10.0947,9.4279,10.208,3.3856,9.4885,0.9785,2.8683,2.9551,9.7626,0,2.0865,2.9199,3.5167,9.9545,1.0747,10.0985,4.4481,4.5368,4.1474,4.7742,11.4659,5.5779,6.4545,10.1267,1.7195,3.9329,2.9911,10.1244,9.2429,3.812,1.5072,3.7817,1.6683,3.7427,3.4817,9.1349,1.5081,3.7277,10.2188,9.6644,9.4376,8.2508,3.0147,3.5567,1.0957,9.4348,9.1468,2.5757,2.8515,9.1353,1.993,9.8907],[9.3921,8.3598,9.8118,1.6019,9.1768,1.7991,1.1406,1.292,9.5979,2.0865,0,2.2023,2.6094,9.3948,2.6206,9.735,3.112,3.1465,2.6891,3.2506,10.5713,3.8336,4.9174,9.594,2.1813,2.856,1.7319,9.2741,8.7973,2.3724,1.5678,3.1197,1.6178,2.3696,2.1169,8.856,1.2333,3.1494,9.5932,9.3241,9.2846,8.0743,1.5854,2.9143,2.261,8.3228,8.1921,2.421,2.6352,8.6423,1.5301,9.362],[9.6734,8.4413,10.2814,2.0902,9.4113,3.1096,2.1526,2.003,9.8059,2.9199,2.2023,0,0.9924,9.4512,3.8311,9.9599,4.0238,3.9623,3.5497,4.0147,10.66,4.568,5.1743,9.5456,3.7526,4.1956,3.2397,9.1397,8.8709,2.4379,2.6707,4.5549,2.6,2.3112,2.2186,9.0721,2.8207,4.4689,9.9112,9.466,9.4511,8.3955,2.8032,4.175,3.5363,8.373,8.4314,3.0472,3.057,8.9453,2.3874,9.3627],[10.0874,8.7648,10.6966,2.2366,9.9798,3.6919,2.3236,2.066,10.4004,3.5167,2.6094,0.9924,0,9.9719,4.4135,10.4534,3.8825,3.8223,3.4105,3.8197,10.9617,4.3625,5.2335,10.0666,4.0782,4.1407,3.3623,9.5411,9.4163,2.3117,3.1304,4.57,3.1706,2.1901,2.2666,9.6457,3.1588,4.5421,10.3049,10.0099,10.0606,8.9884,2.8159,4.2086,4.0197,8.6033,8.771,3.1696,3.092,9.434,2.9487,9.8444],[2.5843,3.5184,4.0376,9.5537,1.9381,10.0011,9.7913,9.9522,2.3735,9.9545,9.3948,9.4512,9.9719,0,10.1122,2.2348,10.3899,10.1642,10.1254,10.1882,3.5741,8.9287,7.0714,0.7896,10.4449,10.6476,9.6558,2.386,1.6,10.5755,10.3923,10.7111,10.1047,10.5822,10.3639,1.8514,10.0494,10.6718,3.2385,1.9996,2.4629,2.9443,10.3619,10.8965,10.4942,4.0195,3.2446,11.5796,11.7992,2.3721,9.6331,1.1751],[10.2327,9.7193,10.1825,4.0859,9.547,1.1968,3.5002,3.639,9.7897,1.0747,2.6206,3.8311,4.4135,10.1122,0,10.1783,4.8211,4.9523,4.5935,5.2021,11.6982,6.0015,6.9031,10.3278,1.5715,4.1166,3.3188,10.4586,9.389,4.5347,2.0441,3.8095,2.2015,4.4969,4.2196,9.2121,1.873,3.7999,10.3058,9.7765,9.4661,8.2754,3.5184,3.7227,1.0492,9.7802,9.3901,3.1061,3.4059,9.2097,2.5543,10.0855],[2.0053,4.0446,2.4164,10.0668,1.5125,10.2128,10.2069,10.4099,1.8297,10.0985,9.735,9.9599,10.4534,2.2348,10.1783,0,10.5501,10.3466,10.3531,10.4177,3.6984,9.2097,7.4837,2.3445,10.4527,10.8404,9.8088,3.3718,1.8212,11.1653,10.7299,10.6505,10.3974,11.1712,10.9501,1.5411,10.2029,10.6318,2.3007,1.2009,1.9013,2.1477,10.6831,10.9304,10.619,4.3839,3.3724,11.9623,12.1987,1.7307,9.9133,1.6394],[9.7374,8.4987,10.1225,2.7223,10.3188,3.9956,2.7103,2.8041,10.8878,4.4481,3.112,4.0238,3.8825,10.3899,4.8211,10.5501,0,0.4311,0.5803,0.6841,10.6346,2.5782,4.1376,10.6151,3.502,1.7473,1.7414,10.008,9.8003,3.1702,3.8836,1.8988,3.6356,3.3455,3.4007,9.9921,3.1282,1.8272,9.8297,10.3635,10.4667,9.2158,2.0362,1.671,4.1788,8.2409,8.3883,3.9301,3.9401,9.2055,3.019,10.2872],[9.5065,8.2149,9.9574,2.6628,10.1408,4.1232,2.7024,2.8028,10.717,4.5368,3.1465,3.9623,3.8223,10.1642,4.9523,10.3466,0.4311,0,0.5326,0.4262,10.3462,2.3304,3.815,10.3815,3.6847,1.9094,1.785,9.7391,9.6067,3.129,3.9748,2.1349,3.6918,3.2926,3.3557,9.8075,3.2453,2.0299,9.6136,10.1722,10.3065,9.0523,2.1046,1.911,4.326,7.9534,8.1425,4.0804,4.0932,8.9925,3.0574,10.0655],[9.582,8.3045,10.0402,2.2275,10.0903,3.7287,2.2376,2.3104,10.6464,4.1474,2.6891,3.5497,3.4105,10.1254,4.5935,10.3531,0.5803,0.5326,0,0.6592,10.4658,2.3924,3.9486,10.3434,3.3529,1.7411,1.4529,9.7375,9.5667,2.6842,3.5222,2.0849,3.3037,2.8503,2.9035,9.753,2.8342,2.0228,9.7118,10.14,10.2523,9.0067,1.6224,1.8103,3.9498,8.0596,8.2194,3.6196,3.6362,9.0353,2.7021,10.038],[9.5349,8.1677,10.0547,2.6401,10.2152,4.3515,2.741,2.8208,10.8046,4.7742,3.2506,4.0147,3.8197,10.1882,5.2021,10.4177,0.6841,0.4262,0.6592,0,10.3258,2.1589,3.7074,10.4079,3.9522,2.1168,2.0071,9.7082,9.6564,3.0551,4.1314,2.4335,3.8662,3.2298,3.3167,9.8886,3.4527,2.3686,9.6668,10.2403,10.4061,9.1665,2.1919,2.2369,4.5744,7.9016,8.1367,4.2001,4.1947,9.0648,3.2575,10.0958],[2.3202,2.6362,4.0913,10.4562,4.5796,11.4649,10.745,10.9171,5.1721,11.4659,10.5713,10.66,10.9617,3.5741,11.6982,3.6984,10.6346,10.3462,10.4658,10.3258,0,8.8312,6.7664,3.6386,11.6054,11.1174,10.339,3.0519,4.1834,11.4548,11.7653,11.1745,11.3906,11.4867,11.3629,4.5796,11.1993,11.1402,2.6207,4.2932,5.1407,5.093,11.1522,11.4225,11.9077,2.7253,2.7669,12.8046,12.9803,3.2978,10.7855,3.4777],[8.2285,6.7885,8.8653,3.2608,9.0802,5.2838,3.4515,3.5279,9.7211,5.5779,3.8336,4.568,4.3625,8.9287,6.0015,9.2097,2.5782,2.3304,2.3924,2.1589,8.8312,0,2.4359,9.1464,4.9576,3.1655,2.9117,8.3258,8.5599,3.985,5.1261,3.7183,4.9954,4.1047,4.1695,8.794,4.3992,3.8544,8.3605,9.1091,9.4068,8.1727,3.4059,3.8381,5.5919,6.4199,6.7025,5.4348,5.5061,7.9109,4.4133,8.8312],[6.2938,4.6168,7.3247,4.3074,7.4564,6.2251,4.704,4.8381,8.1596,6.4545,4.9174,5.1743,5.2335,7.0714,6.9031,7.4837,4.1376,3.815,3.9486,3.7074,6.7664,2.4359,0,7.263,6.2173,4.9731,4.3283,6.3073,6.7607,5.2096,6.2212,5.2698,5.8533,5.305,5.2804,7.1679,5.6117,5.2172,6.545,7.3903,7.8016,6.72,4.9128,5.3349,6.6676,4.2883,4.7398,6.8554,6.9438,6.1114,5.1384,6.9828],[2.8209,3.5894,4.3271,9.715,2.1729,10.2137,9.9463,10.1129,2.5223,10.1267,9.594,9.5456,10.0666,0.7896,10.3278,2.3445,10.6151,10.3815,10.3434,10.4079,3.6386,9.1464,7.263,0,10.6822,10.9088,9.8836,2.1351,1.6973,10.7348,10.5851,10.98,10.2785,10.7254,10.51,2.1059,10.2605,10.9303,3.4887,2.0226,2.5522,3.0843,10.5674,11.1293,10.7048,4.1397,3.4166,11.7549,11.9745,2.6907,9.8172,1.0572],[10.259,9.5913,10.236,3.4646,9.9712,1.374,2.8314,2.9764,10.3139,1.7195,2.1813,3.7526,4.0782,10.4449,1.5715,10.4527,3.502,3.6847,3.3529,3.9522,11.6054,4.9576,6.2173,10.6822,0,2.7854,2.1334,10.6082,9.7358,3.8721,1.9182,2.3438,2.0544,3.8959,3.6979,9.6254,1.0424,2.3974,10.3111,10.1548,9.9688,8.6942,2.4566,2.2872,1.0966,9.5293,9.2691,2.6349,2.896,9.3567,2.1386,10.3769],[10.1886,9.117,10.3868,3.0522,10.5165,3.4658,2.7132,2.7718,11.0261,3.9329,2.856,4.1956,4.1407,10.6476,4.1166,10.8404,1.7473,1.9094,1.7411,2.1168,11.1174,3.1655,4.9731,10.9088,2.7854,0,1.5444,10.5259,10.1656,3.3791,3.4123,1.4716,3.4672,3.5074,3.5291,10.1914,2.6437,1.6669,10.1923,10.6739,10.6571,9.366,1.9518,1.4413,3.5201,8.9018,8.9111,3.4474,3.5366,9.5,3.1003,10.6467],[9.2684,8.2338,9.5658,2.1792,9.4644,2.5899,1.768,1.9687,9.9462,2.9911,1.7319,3.2397,3.3623,9.6558,3.3188,9.8088,1.7414,1.785,1.4529,2.0071,10.339,2.9117,4.3283,9.8836,2.1334,1.5444,0,9.5006,9.0691,2.8363,2.5768,1.6739,2.4407,2.9265,2.8238,9.1178,1.6585,1.7081,9.3758,9.5765,9.5894,8.2913,1.2772,1.5501,2.7761,8.0826,8.0403,3.0848,3.2461,8.5647,1.9734,9.589],[2.7452,2.3331,4.8835,9.1322,3.4366,10.1908,9.4783,9.6378,4.05,10.1244,9.2741,9.1397,9.5411,2.386,10.4586,3.3718,10.008,9.7391,9.7375,9.7082,3.0519,8.3258,6.3073,2.1351,10.6082,10.5259,9.5006,0,2.6788,10.1591,10.4278,10.639,10.0664,10.1538,9.9858,3.4666,10.0645,10.5927,3.6137,3.0577,4.0272,4.0567,10.1141,10.7687,10.7171,2.8587,2.5453,11.4874,11.6683,3.342,9.5657,2.0994],[2.4414,3.5714,3.5377,9.0281,1.3343,9.3139,9.2444,9.4307,1.9214,9.2429,8.7973,8.8709,9.4163,1.6,9.389,1.8212,9.8003,9.6067,9.5667,9.6564,4.1834,8.5599,6.7607,1.6973,9.7358,10.1656,9.0691,2.6788,0,10.124,9.7877,10.0614,9.4419,10.1326,9.8968,1.2495,9.3838,10.0136,3.0772,1.0622,1.598,1.9833,9.8118,10.2513,9.8026,4.0552,3.0777,10.9949,11.2156,2.0472,8.9526,1.1143],[10.6038,9.1691,11.373,1.3917,10.6911,3.4956,1.5544,1.2671,11.1626,3.812,2.3724,2.4379,2.3117,10.5755,4.5347,11.1653,3.1702,3.129,2.6842,3.0551,11.4548,3.985,5.2096,10.7348,3.8721,3.3791,2.8363,10.1591,10.124,0,2.6216,4.0857,2.7296,0.3159,0.5376,10.3184,2.9586,4.0045,10.9289,10.7645,10.8595,9.7302,1.7134,3.5543,3.7985,9.0295,9.2182,2.3545,2.3013,10.0184,2.6575,10.5773],[10.5349,9.6025,10.8904,2.5666,10.1383,1.1495,2.005,2.0333,10.4727,1.5072,1.5678,2.6707,3.1304,10.3923,2.0441,10.7299,3.8836,3.9748,3.5222,4.1314,11.7653,5.1261,6.2212,10.5851,1.9182,3.4123,2.5768,10.4278,9.7877,2.6216,0,3.5657,0.9842,2.5783,2.2935,9.7628,1.2575,3.4929,10.7567,10.305,10.1703,8.9935,2.0512,3.165,1.338,9.594,9.4457,1.4301,1.7395,9.678,1.5961,10.3964],[10.0672,9.1956,10.0745,3.6367,10.3849,3.3597,3.2394,3.3934,10.8673,3.7817,3.1197,4.5549,4.57,10.7111,3.8095,10.6505,1.8988,2.1349,2.0849,2.4335,11.1745,3.7183,5.2698,10.98,2.3438,1.4716,1.6739,10.639,10.0614,4.0857,3.5657,0,3.4213,4.2041,4.166,10.0663,2.5276,0.5936,10.0332,10.5089,10.4714,9.1441,2.4305,0.8838,3.3015,9.0055,8.9332,3.8109,3.9116,9.3498,3.0271,10.6182],[10.1483,9.1717,10.5531,2.4718,9.8437,1.3255,1.9876,2.1608,10.1993,1.6683,1.6178,2.6,3.1706,10.1047,2.2015,10.3974,3.6356,3.6918,3.3037,3.8662,11.3906,4.9954,5.8533,10.2785,2.0544,3.4672,2.4407,10.0664,9.4419,2.7296,0.9842,3.4213,0,2.6902,2.3861,9.4772,1.3656,3.2311,10.3788,9.9657,9.8507,8.664,2.0724,2.965,1.6174,9.2218,9.0802,2.0235,2.2478,9.3068,0.9585,10.0816],[10.643,9.2028,11.4178,1.4642,10.6934,3.4925,1.5444,1.263,11.1526,3.7427,2.3696,2.3112,2.1901,10.5822,4.4969,11.1712,3.3455,3.2926,2.8503,3.2298,11.4867,4.1047,5.305,10.7254,3.8959,3.5074,2.9265,10.1538,10.1326,0.3159,2.5783,4.2041,2.6902,0,0.4259,10.3213,2.9604,4.1238,10.9685,10.7621,10.8559,9.7213,1.8182,3.6669,3.7811,9.0802,9.2641,2.316,2.2689,10.0452,2.6832,10.577],[10.4597,9.0672,11.2273,1.3346,10.4467,3.2007,1.3588,1.1367,10.8936,3.4817,2.1169,2.2186,2.2666,10.3639,4.2196,10.9501,3.4007,3.3557,2.9035,3.3167,11.3629,4.1695,5.2804,10.51,3.6979,3.5291,2.8238,9.9858,9.8968,0.5376,2.2935,4.166,2.3861,0.4259,0,10.0718,2.7482,4.0735,10.7999,10.5245,10.5975,9.4671,1.7525,3.6338,3.5225,8.9795,9.1137,2.2029,2.2158,9.838,2.4187,10.367],[2.7863,4.2952,3.3191,9.239,0.7838,9.2387,9.3901,9.5749,1.1285,9.1349,8.856,9.0721,9.6457,1.8514,9.2121,1.5411,9.9921,9.8075,9.753,9.8886,4.5796,8.794,7.1679,2.1059,9.6254,10.1914,9.1178,3.4666,1.2495,10.3184,9.7628,10.0663,9.4772,10.3213,10.0718,0,9.3563,10.0356,3.2237,1.0809,1.2194,1.4911,9.9106,10.2961,9.6797,4.6673,3.6171,11.0218,11.268,2.0316,9.0389,1.6778],[9.9461,9.0851,10.1425,2.5254,9.705,1.191,1.8841,2.0231,10.0777,1.5081,1.2333,2.8207,3.1588,10.0494,1.873,10.2029,3.1282,3.2453,2.8342,3.4527,11.1993,4.3992,5.6117,10.2605,1.0424,2.6437,1.6585,10.0645,9.3838,2.9586,1.2575,2.5276,1.3656,2.9604,2.7482,9.3563,0,2.5388,10.0735,9.8572,9.7449,8.4904,1.7062,2.3142,1.3041,9.0293,8.8576,2.1301,2.3785,9.1051,1.4377,9.986],[10.0374,9.1394,10.0996,3.5816,10.3719,3.286,3.2249,3.396,10.8523,3.7277,3.1494,4.4689,4.5421,10.6718,3.7999,10.6318,1.8272,2.0299,2.0228,2.3686,11.1402,3.8544,5.2172,10.9303,2.3974,1.6669,1.7081,10.5927,10.0136,4.0045,3.4929,0.5936,3.2311,4.1238,4.0735,10.0356,2.5388,0,10.0277,10.4789,10.4364,9.1231,2.4016,0.66,3.2448,8.972,8.9194,3.7691,3.8612,9.3074,2.7846,10.5876],[1.2413,3.1504,1.6539,9.7794,3.0881,10.2411,9.9806,10.1848,3.7411,10.2188,9.5932,9.9112,10.3049,3.2385,10.3058,2.3007,9.8297,9.6136,9.7118,9.6668,2.6207,8.3605,6.545,3.4887,10.3111,10.1923,9.3758,3.6137,3.0772,10.9289,10.7567,10.0332,10.3788,10.9685,10.7999,3.2237,10.0735,10.0277,0,2.9424,3.5103,3.2702,10.341,10.3789,10.6609,3.3013,2.3676,11.8888,12.0931,1.6592,9.7749,2.9111],[2.4852,4.0956,3.1649,9.6418,0.8201,9.7919,9.8206,10.0176,1.3045,9.6644,9.3241,9.466,10.0099,1.9996,9.7765,1.2009,10.3635,10.1722,10.14,10.2403,4.2932,9.1091,7.3903,2.0226,10.1548,10.6739,9.5765,3.0577,1.0622,10.7645,10.305,10.5089,9.9657,10.7621,10.5245,1.0809,9.8572,10.4789,2.9424,0,1.2555,1.7728,10.3732,10.7426,10.246,4.537,3.4701,11.5406,11.7741,2.16,9.5104,1.3506],[3.3253,4.8928,3.3909,9.7361,1.0317,9.5695,9.8576,10.0569,0.9982,9.4376,9.2846,9.4511,10.0606,2.4629,9.4661,1.9013,10.4667,10.3065,10.2523,10.4061,5.1407,9.4068,7.8016,2.5522,9.9688,10.6571,9.5894,4.0272,1.598,10.8595,10.1703,10.4714,9.8507,10.8559,10.5975,1.2194,9.7449,10.4364,3.5103,1.2555,0,1.5469,10.4035,10.7033,10.0106,5.3701,4.2544,11.4354,11.681,2.5291,9.4157,2.2023],[3.1531,4.4168,3.1401,8.5878,1.6062,8.3948,8.6518,8.8745,1.9179,8.2508,8.0743,8.3955,8.9884,2.9443,8.2754,2.1477,9.2158,9.0523,9.0067,9.1665,5.093,8.1727,6.72,3.0843,8.6942,9.366,8.2913,4.0567,1.9833,9.7302,8.9935,9.1441,8.664,9.7213,9.4671,1.4911,8.4904,9.1231,3.2702,1.7728,1.5469,0,9.1616,9.3996,8.8013,4.8425,3.695,10.2645,10.5204,2.0865,8.2421,2.6096],[10.1451,8.9464,10.6129,1.5686,10.2693,2.5706,1.1164,1.1531,10.7398,3.0147,1.5854,2.8032,2.8159,10.3619,3.5184,10.6831,2.0362,2.1046,1.6224,2.1919,11.1522,3.4059,4.9128,10.5674,2.4566,1.9518,1.2772,10.1141,9.8118,1.7134,2.0512,2.4305,2.0724,1.8182,1.7525,9.9106,1.7062,2.4016,10.341,10.3732,10.4035,9.1616,0,1.9734,2.7627,8.8064,8.8512,2.1367,2.229,9.4761,1.8561,10.325],[10.35,9.364,10.4886,3.2475,10.6425,3.0987,2.8337,2.9845,11.1198,3.5567,2.9143,4.175,4.2086,10.8965,3.7227,10.9304,1.671,1.911,1.8103,2.2369,11.4225,3.8381,5.3349,11.1293,2.2872,1.4413,1.5501,10.7687,10.2513,3.5543,3.165,0.8838,2.965,3.6669,3.6338,10.2961,2.3142,0.66,10.3789,10.7426,10.7033,9.3996,1.9734,0,3.0458,9.1987,9.1726,3.2686,3.3519,9.6262,2.5789,10.8136],[10.5376,9.8641,10.6133,3.5384,10.0532,0.7455,2.9165,3.0286,10.3433,1.0957,2.261,3.5363,4.0197,10.4942,1.0492,10.619,4.1788,4.326,3.9498,4.5744,11.9077,5.5919,6.6676,10.7048,1.0966,3.5201,2.7761,10.7171,9.8026,3.7985,1.338,3.3015,1.6174,3.7811,3.5225,9.6797,1.3041,3.2448,10.6609,10.246,10.0106,8.8013,2.7627,3.0458,0,9.8613,9.5847,2.2661,2.5801,9.5824,2.0148,10.4664],[2.7698,1.2498,4.6186,8.0225,4.8102,9.379,8.4,8.5495,5.5812,9.4348,8.3228,8.373,8.6033,4.0195,9.7802,4.3839,8.2409,7.9534,8.0596,7.9016,2.7253,6.4199,4.2883,4.1397,9.5293,8.9018,8.0826,2.8587,4.0552,9.0295,9.594,9.0055,9.2218,9.0802,8.9795,4.6673,9.0293,8.972,3.3013,4.537,5.3701,4.8425,8.8064,9.1987,9.8613,0,1.4009,10.521,10.6676,3.4262,8.5654,3.7743],[1.8103,1.4272,3.5823,8.0985,3.6799,9.0988,8.4087,8.594,4.4992,9.1468,8.1921,8.4314,8.771,3.2446,9.3901,3.3724,8.3883,8.1425,8.2194,8.1367,2.7669,6.7025,4.7398,3.4166,9.2691,8.9111,8.0403,2.5453,3.0777,9.2182,9.4457,8.9332,9.0802,9.2641,9.1137,3.6171,8.8576,8.9194,2.3676,3.4701,4.2544,3.695,8.8512,9.1726,9.5847,1.4009,0,10.4723,10.659,2.4127,8.4618,2.9512],[11.6772,10.6007,12.0616,2.8191,11.3929,2.2894,2.3171,2.1745,11.757,2.5757,2.421,3.0472,3.1696,11.5796,3.1061,11.9623,3.9301,4.0804,3.6196,4.2001,12.8046,5.4348,6.8554,11.7549,2.6349,3.4474,3.0848,11.4874,10.9949,2.3545,1.4301,3.8109,2.0235,2.316,2.2029,11.0218,2.1301,3.7691,11.8888,11.5406,11.4354,10.2645,2.1367,3.2686,2.2661,10.521,10.4723,0,0.4208,10.8807,2.477,11.569],[11.8841,10.7632,12.2874,2.8882,11.6361,2.5949,2.4621,2.2753,12.0092,2.8515,2.6352,3.057,3.092,11.7992,3.4059,12.1987,3.9401,4.0932,3.6362,4.1947,12.9803,5.5061,6.9438,11.9745,2.896,3.5366,3.2461,11.6683,11.2156,2.3013,1.7395,3.9116,2.2478,2.2689,2.2158,11.268,2.3785,3.8612,12.0931,11.7741,11.681,10.5204,2.229,3.3519,2.5801,10.6676,10.659,0.4208,0,11.1041,2.6417,11.7842],[1.5071,3.0663,2.2538,8.9183,2.2087,9.1636,9.0731,9.284,2.824,9.1353,8.6423,8.9453,9.434,2.3721,9.2097,1.7307,9.2055,8.9925,9.0353,9.0648,3.2978,7.9109,6.1114,2.6907,9.3567,9.5,8.5647,3.342,2.0472,10.0184,9.678,9.3498,9.3068,10.0452,9.838,2.0316,9.1051,9.3074,1.6592,2.16,2.5291,2.0865,9.4761,9.6262,9.5824,3.4262,2.4127,10.8807,11.1041,0,8.7554,2.197],[9.5666,8.5715,9.9718,2.1306,9.4099,1.5889,1.8433,2.0228,9.8125,1.993,1.5301,2.3874,2.9487,9.6331,2.5543,9.9133,3.019,3.0574,2.7021,3.2575,10.7855,4.4133,5.1384,9.8172,2.1386,3.1003,1.9734,9.5657,8.9526,2.6575,1.5961,3.0271,0.9585,2.6832,2.4187,9.0389,1.4377,2.7846,9.7749,9.5104,9.4157,8.2421,1.8561,2.5789,2.0148,8.5654,8.4618,2.477,2.6417,8.7554,0,9.5908],[2.2209,3.3617,3.6147,9.5181,1.7243,9.9905,9.7444,9.9145,2.2151,9.8907,9.362,9.3627,9.8444,1.1751,10.0855,1.6394,10.2872,10.0655,10.038,10.0958,3.4777,8.8312,6.9828,1.0572,10.3769,10.6467,9.589,2.0994,1.1143,10.5773,10.3964,10.6182,10.0816,10.577,10.367,1.6778,9.986,10.5876,2.9111,1.3506,2.2023,2.6096,10.325,10.8136,10.4664,3.7743,2.9512,11.569,11.7842,2.197,9.5908,0]] 

var obj_by_dist = ["FHRB_1064_1","FHRB_4543_2","FHRB_706_2","FHRB_560_9","FHRB_250_1","FHRB_800_1","FHRB_2787_1","FHRB_1132_1","FHRB_3853_2","FHRB_4583_2","FHRB_1064_5","FHRB_2080_1","FHRB_3822_2","FHRB_1216_2","FHRB_560_1","FHRB_4401_2","FHRB_3444_2","FHRB_4630_2","FHRB_4624_2","FHRB_1690_2","FHRB_2791_7","FHRB_2791_2","FHRB_370_2","FHRB_1867_1","FHRB_1145_6","FHRB_252_2","FHRB_252_5","FHRB_718_1","FHRB_252_3","FHRB_1886_2","FHRB_1399_2","FHRB_252_1","FHRB_1399_3","FHRB_4416_2","FHRB_4453_2","FHRB_4325_2","FHRB_1886_8","FHRB_1280_2","FHRB_1713_1","FHRB_4653_2","FHRB_4361_2","FHRB_3667_2","FHRB_2095_1","FHRB_3496_2","FHRB_4686_2","FHRB_4374_2","FHRB_4172_2","FHRB_4690_2","FHRB_3904_2","FHRB_4368_2","FHRB_600_2","FHRB_600_3"] 

var phis = [0, Math.PI/2 ]

var rs = [0,1.2413,1.5071,1.8103,2.0053,2.2209,2.3202,2.4407,2.4414,2.4852,2.4996,2.5843,2.7452,2.7597,2.7698,2.7863,2.8209,3.1531,3.3253,3.4728,6.2938,8.2285,9.2684,9.3921,9.4893,9.5065,9.5349,9.5666,9.582,9.6734,9.7336,9.7374,9.9376,9.9461,10.0374,10.0672,10.0874,10.0884,10.0947,10.1451,10.1483,10.1886,10.2327,10.259,10.35,10.4597,10.5349,10.5376,10.6038,10.643,11.6772,11.8841] 


var xcoords = [0,  rs[1] * Math.cos(phis[1]) ]

var ycoords = [0,  rs[1] * Math.sin(phis[1]) ]

var new_point = 2

//var phi = Math.PI / 2
	
var col_row_names = ["FHRB_1064_1","FHRB_1064_5","FHRB_1132_1","FHRB_1145_6","FHRB_1216_2","FHRB_1280_2","FHRB_1399_2","FHRB_1399_3","FHRB_1690_2","FHRB_1713_1","FHRB_1867_1","FHRB_1886_2","FHRB_1886_8","FHRB_2080_1","FHRB_2095_1","FHRB_250_1","FHRB_252_1","FHRB_252_2","FHRB_252_3","FHRB_252_5","FHRB_2787_1","FHRB_2791_2","FHRB_2791_7","FHRB_3444_2","FHRB_3496_2","FHRB_3667_2","FHRB_370_2","FHRB_3822_2","FHRB_3853_2","FHRB_3904_2","FHRB_4172_2","FHRB_4325_2","FHRB_4361_2","FHRB_4368_2","FHRB_4374_2","FHRB_4401_2","FHRB_4416_2","FHRB_4453_2","FHRB_4543_2","FHRB_4583_2","FHRB_4624_2","FHRB_4630_2","FHRB_4653_2","FHRB_4686_2","FHRB_4690_2","FHRB_560_1","FHRB_560_9","FHRB_600_2","FHRB_600_3","FHRB_706_2","FHRB_718_1","FHRB_800_1"] 

function sqr(x) { return x*x}  // Saves a lot of runtime vs Math.pow

function stress(phi) {
	var stress = 0
	var j = 0       //the iteration variable
	
	//position of the new point, given the candidate phi
	var xnew = rs[new_point] * Math.cos(phi)
	xcoords.push(xnew)
	var ynew = rs[new_point] * Math.sin(phi)
	ycoords.push(ynew)
	
	// define a sqr function and use that instead of Math.pow.
	
	while (j < new_point ) {
		//position of the point comparing to new point
		var xj = xcoords[j]
		var yj = ycoords[j]
		
		//index of column names of matrix, in ORIGINAL order
		var dij_col = col_row_names.indexOf(obj_by_dist[new_point])
		var dij_row = col_row_names.indexOf(obj_by_dist[j])
		
		var dij = dis[dij_col][dij_row]
				
		var Dij = Math.sqrt( sqr((xnew - xj)) + sqr((ynew - yj)) )
		
		var stress = stress + sqr( (dij - Dij))
		
		var j = j + 1
	}
	return stress
}

function g(x) {
	var j = 0
	
	var xnew = rs[new_point] * Math.cos(phi)
	var ynew = rs[new_point] * Math.sin(phi)
	
	
	while (j < new_point) {
		var xj = xcoords[j]
		var yj = ycoords[j]
		
		var dij_col = col_row_names.indexOf(obj_by_dist[new_point])
		var dij_row = col_row_names.indexOf(obj_by_dist[j])
		
		var dij = dis[dij_col][dij_row]
		
		var Dij = Math.sqrt( sqr((xnew - xj)) + sqr((ynew - yj)) )
		
		
		
	}
	
}

// Make a loop to make your stress function run 100 times, measure the time of that, and divide the time by 100 to get an accurate runtime!

var a = performance.now()

var res = numeric.uncmin( stress, [3.14159]);

console.log( res );
console.log(obj_by_dist[new_point])

document.write(res.solution)


b = performance.now()

console.log('It took ' + (b-a) + ' ms.')

</script>
</html>